Testing from : 20000410 to: 20160401
---------------------------------------------------------------------------------
SysName         Market TotProfit  MaxDD ClsTrdDD AvgWin AvgLoss PerWins TotTrades
BollingerBan... KC          9122  40629   24003   1566   -2596    1.28        68
BollingerBan... CC        -53004  60480   55740    269   -1439    1.28        76
BollingerBan... CD        -20046  49909   44993    650   -1638    1.32        76
BollingerBan... CL        159937  44002   30058   2846   -2693    1.40        68
BollingerBan... CT         31057  38615   25089   1329   -1682    1.27        66
BollingerBan... CU         78933  30419   20603   1965   -2580    1.41        64
BollingerBan... DX         16230  18275   15334    918   -1594    1.36        69
BollingerBan... EM        -11222  37854   31520   1182   -2583    1.33        78
BollingerBan... ES        -15553  32679   25273    864   -1993    1.32        72
BollingerBan... ED          9198   6153    5861    265    -281    1.25        77
BollingerBan... FC         62173  19911   15028   1295   -1727    1.49        59
BollingerBan... FV          3938  14266   11051    506    -914    1.33        67
BollingerBan... GC         -9613  41550   36111   1353   -2378    1.24        75
BollingerBan... HG         96723  30695   19166   2131   -2258    1.35        69
BollingerBan... HO        110759  72632   60951   2860   -3219    1.28        81
BollingerBan... JY         18364  40260   36135   1453   -2466    1.32        71
---------------------------------------------------------------------------------
Totals                    486996 307097
-------------------------------------------------------------------
Combined Monthly Return
Date         Profit Cum.Profit
-------------------------------------------------------------------
20000428       1136       1136
20000531     -10926      -9789
20000630       7312      -2477
20000731     -28048     -30525
20000831       9227     -21298
20000929      -7618     -28916
20001031       4697     -24219
20001130       9911     -14307
20001229       6172      -8135
20010131      -3695     -11830
20010228        603     -11227
20010330      27390      16163
20010430     -17940      -1777
20010531       4183       2406
20010629      -3072       -666
20010731      -4095      -4761
20010831       7385       2624
20010928      18687      21311
20011031       3366      24678
20011130      -9133      15545
20011231      -2110      13435
20020131       1711      15146
20020228      -6150       8995
20020328       4176      13171
20020430       1983      15154
20020531       8343      23497
20020628      23583      47080
20020731       6901      53981
20020830      -1074      52907
20020930       7423      60330
20021031     -15385      44945
20021129      -3124      41821
20021231       -845      40976
20030131      14217      55193
20030228      12490      67683
20030331     -26768      40915
20030430       5047      45962
20030530      22832      68794
20030630      -9761      59033
20030731        683      59716
20030829       5663      65379
20030930      -8446      56933
20031031       8285      65218
20031128      18274      83492
20031231       6885      90376
20040130       3048      93424
20040227       1873      95296
20040331     -18208      77088
20040430      -4904      72184
20040528      -6321      65863
20040630      -9113      56750
20040730      -1075      55675
20040831      -8984      46692
20040930      17191      63882
20041029      11714      75596
20041130      13770      89366
20041231       3041      92406
20050131     -30451      61956
20050228        392      62348
20050331      13287      75635
20050429     -17534      58100
20050531      -3311      54789
20050630      -5956      48833
20050729      -1683      47150
20050831      -2603      44547
20050930     -19315      25232
20051031         13      25245
20051130      18893      44139
20051230     -10403      33736
20060131      11783      45519
20060228     -18843      26676
20060331       1684      28359
20060428      30408      58767
20060531       8353      67120
20060630     -27278      39842
20060731     -16178      23663
20060831      -1976      21688
20060929      20751      42438
20061031       8276      50715
20061130       5437      56151
20061229       6031      62182
20070131       -359      61823
20070228     -15895      45929
20070330       7426      53355
20070430      15049      68404
20070531     -10530      57874
20070629      -1289      56585
20070731       3462      60047
20070831     -30712      29335
20070928      17988      47323
20071031      32072      79395
20071130     -14830      64565
20071231       9483      74048
20080131      -4736      69312
20080229      50699     120011
20080331      -1478     118534
20080430       6795     125328
20080530      23017     148345
20080630       5551     153896
20080731     -45177     108719
20080829      31649     140368
20080930      37360     177728
20081031     181471     359199
20081128      50979     410178
20081231      21398     431577
20090130      -5368     426209
20090227       2452     428661
20090331     -27465     401196
20090430       -690     400506
20090529      30424     430930
20090630     -16675     414255
20090731      -9740     404515
20090831       1911     406427
20090930      21983     428410
20091030      -8694     419715
20091130      23350     443065
20091231     -18521     424544
20100129     -15417     409127
20100226     -16618     392509
20100331       7998     400507
20100430      -3255     397252
20100531     -30014     367238
20100630      18363     385601
20100730     -19409     366192
20100831     -10048     356144
20100930      24729     380873
20101029      26053     406926
20101130     -15873     391053
20101231      69222     460275
20110131      16879     477154
20110228      33776     510929
20110331      -2915     508014
20110429      21768     529782
20110531     -72648     457134
20110630     -27121     430013
20110729       6331     436344
20110831      11638     447982
20110930      31688     479670
20111031     -68771     410898
20111130      -4842     406056
20111230      -1991     404065
20120131     -13952     390113
20120229      18187     408300
20120330       4024     412324
20120430     -22347     389978
20120531      68559     458537
20120629     -31758     426779
20120731     -10064     416716
20120831       9970     426686
20120928       9394     436079
20121031     -19985     416094
20121130      -6887     409208
20121231       3561     412769
20130131      19560     432329
20130228       2997     435325
20130328      13006     448331
20130430       6376     454707
20130531      -2097     452610
20130628       1550     454159
20130731      -8940     445219
20130830      -9226     435993
20130930      -9637     426356
20131031      -1356     424999
20131129       2355     427354
20131231       1594     428948
20140131     -21792     407156
20140228      21805     428961
20140331      -8367     420595
20140430      -2138     418456
20140530      -3752     414705
20140630      -6199     408505
20140731      -9867     398638
20140829      -8111     390527
20140930      26186     416712
20141031       9261     425974
20141128      43234     469208
20141231      27523     496730
20150130      45001     541731
20150227     -14607     527124
20150331      -3208     523917
20150430     -12336     511581
20150529     -22470     489110
20150630     -18128     470982
20150731      18805     489787
20150831     -12067     477720
20150930      23415     501135
20151030     -46742     454393
20151130      17209     471602
20151231       3216     474818
20160129      14458     489275
20160229       8311     497586
20160331      -9667     487919
20160401       -923     486996
